DEFAULT(params.ini)
CMB_outputscale=7.42835025e+12
helium_fraction=0.2476949
hubble=67.04346
initial_ratio(1)=0.0
massive_neutrinos=1
massless_neutrinos=2.046
ombh2=0.0220323
omch2=0.1203761
omnuh2=0.0006450616
re_delta_redshift=0.5
re_optical_depth=0.0924518
re_use_optical_depth=T
scalar_amp(1)=2.21545e-09
scalar_nrun(1)=0.0
scalar_spectral_index(1)=0.9619123
temp_cmb=2.7255
tensor_spectral_index(1)=-0.0
w=-1.0
