DEFAULT(params.ini)
CMB_outputscale=7.42835025e+12
do_nonlinear=3
helium_fraction=0.245352
hubble=67.86682
initial_ratio(1)=0.0
massive_neutrinos=1
massless_neutrinos=2.03066666667
nu_mass_degeneracies=1.01533333333
ombh2=0.02227716
omch2=0.1184293
omnuh2=0.0006451439
re_delta_redshift=0.5
re_optical_depth=0.06664549
re_use_optical_depth=T
scalar_amp(1)=2.140509e-09
scalar_nrun(1)=0.0
scalar_spectral_index(1)=0.9682903
share_delta_neff=F
temp_cmb=2.7255
tensor_spectral_index(1)=-0.0
w=-1.0